# 2010 5 0
# 2011 12 1
# 2012 1 2
# 2013 14 3
# 2014 11 4
# 2015 9 5
# 2016 37 6
# 2017 32 7
# 2018 32 8
# 2019 36 9
# 2020 49 10
# 2021 34 11
# 2022 47 12
# 2023 28 13
# 2024 39 14
# 2025 30 15
6 0 1
7 0 2
8 0 2
12 0 2
8 1 1
9 2 2
10 2 2
9 3 1
9 4 1
14 5 1
7 6 1
14 7 1
7 8 1
14 9 1
9 10 1
12 11 1
3 12 1
5 12 1
10 12 1
7 13 1
1 14 1
10 15 1
12 15 2
8 16 1
9 17 1
11 18 2
14 19 1
6 20 1
9 20 1
10 20 1
15 21 1
15 22 1
11 23 1
14 24 1
14 25 1
12 26 1
14 27 1
3 28 1
6 29 1
10 30 1
12 31 1
14 32 1
13 33 1
13 34 1
14 35 1
6 36 3
9 36 1
10 36 2
12 36 1
13 36 1
14 36 1
14 37 1
6 38 1
10 39 1
3 40 1
12 41 1
15 42 1
12 43 1
13 43 1
4 44 1
9 44 1
10 44 2
11 45 1
3 46 1
3 47 1
13 48 1
13 49 1
8 50 1
11 51 3
12 51 2
14 51 3
15 51 2
9 52 1
8 53 1
10 54 1
10 55 1
6 56 1
4 57 1
7 58 1
8 58 2
10 58 3
11 58 1
12 58 3
14 58 3
11 59 1
13 60 1
14 61 1
6 62 2
7 62 1
7 63 1
13 64 1
8 65 1
12 66 1
13 66 1
10 67 1
15 68 1
10 69 2
5 70 1
9 70 3
7 71 1
13 72 1
8 73 1
8 74 1
4 75 1
10 76 1
14 77 1
6 78 1
7 79 1
11 80 1
15 81 2
11 82 1
7 83 2
15 83 1
9 84 1
15 85 1
7 86 1
12 87 1
10 88 1
11 89 2
13 90 1
5 91 1
9 91 2
10 91 2
12 91 1
1 92 1
7 93 1
13 94 1
0 95 1
14 96 1
12 97 1
4 98 1
7 98 1
10 99 1
8 100 1
1 101 1
8 102 1
12 103 1
12 104 1
11 105 1
13 106 1
8 107 1
6 108 2
4 109 1
5 109 1
13 110 1
10 111 1
11 111 1
12 111 1
13 112 1
9 113 1
6 114 2
3 115 1
6 115 1
7 115 2
8 115 1
10 115 1
11 115 1
14 115 1
6 116 1
9 116 2
10 116 1
11 116 1
0 117 1
1 117 1
6 117 2
11 117 1
12 117 1
13 117 1
1 118 1
5 119 1
10 119 2
15 120 1
7 121 1
6 122 1
3 123 1
8 124 1
3 125 1
12 126 2
15 126 2
9 127 1
7 128 1
9 128 1
10 128 2
7 129 1
8 129 1
9 130 1
9 131 1
9 132 1
6 133 1
14 134 1
15 135 1
8 136 1
15 137 1
6 138 1
12 139 1
11 140 1
6 141 1
8 141 1
10 141 1
11 141 1
13 141 3
14 141 1
12 142 2
9 143 1
10 143 2
12 143 1
15 143 1
1 144 1
14 144 2
10 145 1
7 146 1
8 147 1
11 148 1
12 149 1
11 150 1
11 151 1
15 151 1
8 152 1
6 153 1
7 153 2
8 153 2
9 153 2
13 154 1
6 155 1
0 156 1
3 157 1
4 157 1
7 157 1
10 157 3
12 157 3
14 157 2
15 158 1
6 159 1
4 160 1
5 161 1
8 161 1
7 162 1
11 163 1
13 164 1
11 165 1
15 166 1
14 167 1
4 168 1
8 169 1
7 170 1
8 171 1
12 172 1
12 173 2
7 174 1
10 175 1
13 175 1
10 176 1
15 177 1
12 178 1
10 179 1
1 180 1
11 181 1
10 182 1
9 183 1
14 184 1
12 185 1
15 186 1
6 187 1
11 188 1
15 189 1
8 190 1
9 191 1
3 192 1
15 193 1
14 194 2
0 195 1
8 196 1
14 197 1
1 198 1
11 198 1
13 198 1
11 199 1
12 199 2
14 200 1
6 201 1
13 202 1
6 203 1
9 204 1
15 205 1
5 206 1
4 207 1
8 208 1
12 209 1
15 210 1
7 211 1
8 212 2
14 213 1
3 214 1
10 215 1
3 216 1
12 217 1
14 218 1
15 219 1
3 220 1
4 220 1
6 220 2
7 220 1
9 220 1
10 220 3
11 220 1
9 221 1
6 222 1
1 223 1
12 224 2
14 225 1
13 226 1
6 227 1
11 228 1
9 229 1
15 230 1
10 231 1
0 232 1
4 233 1
6 234 1
10 235 1
6 236 1
12 237 2
7 238 1
13 238 1
13 239 1
14 240 2
5 241 1
7 242 1
1 243 1
6 244 1
10 245 1
11 246 1
12 246 1
15 246 1
6 247 1
15 248 1
7 249 1
15 250 1
14 251 1
1 252 1
1 253 1
11 253 2
8 254 1
9 255 1
13 255 1
5 256 1
9 257 1
3 258 1
9 259 1
