# 2010 8 0
# 2011 8 1
# 2012 13 2
# 2013 6 3
# 2014 12 4
# 2015 10 5
# 2016 0 6
# 2017 6 7
# 2018 13 8
# 2019 11 9
# 2020 8 10
# 2021 18 11
# 2022 24 12
# 2023 24 13
# 2024 28 14
# 2025 44 15
2 0 1
11 0 1
7 1 1
4 2 1
12 3 1
8 4 1
8 5 1
9 6 1
12 7 1
14 8 1
14 9 1
13 10 1
15 11 1
4 12 1
11 12 1
15 13 1
15 14 1
9 15 1
12 16 2
2 17 1
7 17 1
10 17 1
11 17 1
10 18 1
14 19 1
15 19 1
7 20 1
1 21 1
9 22 1
14 22 1
8 23 1
9 23 2
12 23 1
15 23 2
2 24 1
15 25 1
13 26 1
2 27 1
13 28 1
15 29 1
4 30 1
15 31 1
12 32 1
1 33 1
4 34 1
11 35 1
2 36 1
3 37 1
13 38 1
14 39 1
15 40 1
15 41 1
14 42 1
15 43 1
13 44 1
13 45 1
4 46 1
14 47 1
15 48 1
14 49 1
8 50 1
14 51 1
0 52 1
4 52 1
0 53 1
1 53 1
7 53 1
8 53 1
11 53 1
15 53 3
14 54 1
13 55 1
8 56 1
5 57 1
13 58 1
14 59 2
14 60 1
15 60 2
15 61 1
4 62 1
13 62 1
15 63 1
2 64 1
3 64 1
4 64 1
13 65 1
12 66 1
15 67 1
15 68 1
1 69 1
2 69 1
15 70 1
0 71 2
1 71 2
3 71 1
5 71 1
7 71 1
8 71 1
10 71 1
11 71 2
12 71 2
13 71 1
14 71 2
15 71 5
14 72 1
14 73 1
3 74 1
13 75 1
12 76 1
5 77 1
15 78 1
11 79 1
14 80 1
10 81 1
13 82 1
15 82 1
10 83 1
13 83 1
15 84 1
13 85 1
3 86 1
12 87 1
13 88 1
15 89 1
5 90 1
9 91 1
14 92 1
11 93 1
11 94 1
10 95 1
10 96 1
15 97 1
15 98 1
2 99 1
13 100 1
11 101 1
11 102 1
0 103 1
5 103 2
9 103 1
11 103 2
5 104 1
8 104 1
10 104 1
8 105 1
9 106 1
12 106 1
4 107 1
4 108 1
11 109 1
13 109 1
14 109 2
15 109 2
4 110 1
14 111 1
12 112 1
8 113 1
15 114 1
1 115 1
4 115 1
8 115 1
13 115 1
5 116 1
8 117 1
12 118 1
12 119 1
12 120 1
13 121 1
5 122 1
12 123 1
15 124 1
14 125 1
12 126 1
12 127 1
0 128 1
2 128 2
12 128 1
14 128 1
15 128 2
13 129 1
13 130 1
7 131 1
12 132 1
9 133 2
11 133 1
12 133 1
15 134 2
3 135 1
15 136 1
15 137 1
14 138 1
0 139 1
11 139 1
0 140 1
14 140 1
2 141 1
2 142 1
13 142 1
9 143 1
12 144 1
14 144 1
11 145 1
13 146 1
2 147 1
14 147 1
5 148 1
1 149 1
8 150 1
12 151 1
