# 2010 18 0
# 2011 30 1
# 2012 47 2
# 2013 24 3
# 2014 42 4
# 2015 28 5
# 2016 88 6
# 2017 163 7
# 2018 180 8
# 2019 168 9
# 2020 187 10
# 2021 205 11
# 2022 265 12
# 2023 355 13
# 2024 464 14
# 2025 136 15
10 0 1
11 0 1
12 0 2
6 1 1
13 1 1
10 2 1
14 2 1
6 3 2
9 3 2
10 3 1
11 3 1
13 3 1
13 4 2
14 4 1
0 5 1
2 5 1
7 5 3
8 5 1
10 5 1
12 5 2
13 5 1
14 5 2
11 6 1
12 7 2
14 7 1
6 8 1
13 8 2
14 8 2
12 9 1
1 10 1
2 10 4
4 10 1
10 10 1
14 10 6
15 10 4
7 11 2
9 11 1
10 11 2
11 11 1
12 11 1
13 11 4
14 11 2
15 11 1
13 12 1
13 13 1
15 14 1
11 15 1
15 15 1
5 16 1
6 16 1
7 16 1
8 16 1
12 16 3
14 16 1
10 17 1
9 18 2
13 18 3
14 18 1
15 18 2
9 19 1
8 20 1
9 20 1
11 20 1
12 20 3
13 20 4
14 20 1
15 20 1
9 21 1
2 22 1
3 22 1
7 22 2
8 22 3
9 22 2
11 22 8
12 22 5
13 22 7
14 22 7
13 23 2
15 23 1
10 24 1
12 24 1
13 24 1
14 24 2
3 25 1
4 25 3
5 25 2
6 25 5
7 25 9
8 25 10
9 25 10
10 25 11
11 25 15
12 25 19
13 25 24
14 25 33
15 25 3
6 26 1
14 26 2
7 27 1
10 28 1
14 29 1
8 30 1
13 31 1
3 32 1
9 32 2
12 32 1
14 32 2
7 33 1
8 33 1
10 33 1
2 34 1
7 35 1
13 35 1
14 35 2
3 36 2
6 36 4
7 36 2
8 36 5
9 36 4
10 36 5
11 36 3
12 36 7
13 36 5
14 36 7
15 36 3
11 37 1
12 38 2
13 38 1
14 38 2
15 38 1
13 39 2
5 40 1
12 40 2
14 41 1
5 42 1
13 42 1
4 43 2
6 43 4
7 43 4
8 43 6
9 43 4
10 43 4
11 43 1
12 43 5
13 43 4
14 43 10
15 43 3
0 44 1
7 45 1
9 45 1
9 46 1
12 46 1
14 46 2
12 47 1
4 48 1
14 48 1
6 49 1
7 49 1
10 49 1
11 49 1
12 49 2
14 49 1
14 50 1
14 51 1
13 52 1
0 53 1
1 53 1
2 53 1
4 53 1
6 53 2
7 53 2
8 53 4
9 53 4
10 53 2
11 53 5
12 53 3
13 53 4
14 53 3
15 53 2
10 54 1
11 54 1
12 54 2
14 54 1
15 54 1
11 55 1
14 56 1
15 56 1
0 57 1
2 58 2
4 58 1
7 58 1
10 58 1
12 58 3
13 58 4
14 58 1
14 59 1
15 59 1
9 60 2
10 60 1
14 60 1
8 61 1
7 62 3
10 62 3
11 62 1
12 62 1
13 62 2
14 62 4
12 63 3
14 63 3
15 63 1
6 64 1
10 65 1
14 66 1
9 67 1
11 68 1
14 68 1
6 69 1
10 69 1
11 69 1
12 69 1
13 69 1
14 69 1
7 70 1
8 70 1
9 70 2
10 70 1
11 70 3
12 70 2
13 70 3
14 70 4
15 70 2
11 71 1
15 71 1
13 72 1
13 73 1
6 74 1
7 74 1
8 74 1
10 74 1
12 74 1
13 74 2
14 74 3
8 75 1
9 75 1
2 76 1
12 77 1
14 78 1
11 79 1
7 80 1
10 80 1
11 80 1
12 80 1
15 80 1
2 81 1
6 81 1
7 81 2
8 81 1
9 81 3
10 81 4
11 81 4
12 81 1
13 81 1
14 81 4
5 82 1
8 82 1
10 82 1
12 82 1
15 82 1
14 83 1
7 84 1
0 85 2
1 85 6
2 85 5
3 85 1
4 85 4
5 85 1
6 85 5
7 85 5
8 85 11
9 85 6
10 85 8
11 85 13
12 85 6
13 85 19
14 85 21
15 85 16
15 86 1
8 87 1
0 88 3
1 88 8
2 88 11
3 88 6
4 88 12
5 88 6
6 88 19
7 88 36
8 88 46
9 88 41
10 88 41
11 88 40
12 88 51
13 88 73
14 88 86
15 88 26
15 89 1
10 90 1
11 90 1
13 90 1
0 91 1
1 91 1
3 91 1
4 91 2
6 91 6
7 91 4
8 91 3
10 91 4
11 91 2
12 91 3
13 91 5
14 91 4
11 92 2
14 93 1
13 94 1
1 95 1
8 95 1
10 95 1
11 95 1
13 95 2
14 95 1
15 95 1
2 96 1
8 96 1
5 97 2
6 97 1
7 97 2
11 97 1
12 97 2
13 97 2
14 97 5
15 97 1
9 98 2
10 98 1
12 98 1
14 98 1
13 99 1
14 99 6
15 99 1
9 100 1
11 100 2
12 100 1
14 100 1
5 101 2
6 101 2
7 101 5
8 101 5
9 101 6
10 101 6
11 101 6
12 101 4
13 101 9
14 101 14
15 101 2
9 102 1
13 102 1
14 102 3
15 102 2
2 103 1
6 103 1
10 103 1
11 103 1
12 103 3
14 103 1
2 104 1
3 104 1
6 104 1
8 104 1
10 104 1
12 104 1
14 104 2
5 105 1
10 105 2
13 105 1
14 105 2
15 105 2
6 106 1
11 106 1
13 107 1
2 108 1
4 108 1
7 108 1
10 108 1
12 108 1
13 108 3
15 108 1
7 109 3
8 109 3
10 109 1
11 109 1
12 109 4
13 109 6
14 109 4
11 110 1
12 111 1
14 112 1
7 113 2
11 113 1
12 113 1
2 114 1
4 114 1
8 114 1
10 114 1
11 114 1
13 114 1
14 114 3
5 115 1
8 115 1
12 115 1
13 115 2
12 116 1
8 117 1
11 117 1
5 118 1
6 118 1
7 118 1
8 118 2
9 118 1
10 118 2
11 118 3
12 118 1
13 118 5
14 118 4
15 118 2
0 119 1
12 120 1
13 120 1
14 120 2
15 120 2
1 121 1
2 121 3
4 121 2
5 121 1
6 121 3
7 121 6
8 121 9
9 121 6
10 121 6
11 121 7
12 121 8
13 121 17
14 121 13
15 121 5
2 122 1
13 122 1
5 123 1
7 123 1
8 123 1
9 123 1
10 123 1
11 123 3
12 123 4
13 123 2
14 123 1
15 123 4
10 124 1
12 124 1
13 124 1
14 124 1
15 124 1
15 125 1
14 126 1
7 127 1
13 127 1
9 128 2
14 128 1
1 129 1
8 129 1
9 129 2
10 129 1
12 129 2
13 129 1
14 129 5
15 129 1
14 130 1
10 131 1
11 131 1
13 131 1
14 132 1
12 133 1
7 134 1
11 134 1
14 134 1
13 135 1
12 136 1
13 137 1
13 138 1
14 138 1
1 139 1
3 139 1
6 139 3
7 139 5
8 139 7
9 139 6
10 139 3
11 139 6
12 139 6
13 139 14
14 139 11
15 139 4
8 140 1
11 140 1
7 141 1
12 142 1
1 143 1
8 143 1
9 143 2
10 143 2
11 143 1
13 143 4
14 143 6
7 144 4
9 144 2
11 144 4
12 144 2
13 144 4
14 144 9
11 145 1
7 146 1
8 146 2
10 146 2
11 146 5
12 146 3
14 146 5
9 147 1
14 147 3
7 148 2
8 148 2
9 148 2
10 148 1
11 148 2
12 148 1
13 148 1
14 148 3
8 149 1
10 149 2
12 149 2
13 149 2
14 149 7
2 150 1
4 150 1
7 150 1
9 150 1
11 150 1
12 150 1
13 150 2
14 150 2
15 150 2
10 151 1
11 151 1
12 151 2
13 151 2
14 151 4
1 152 1
8 152 1
9 152 3
15 152 1
8 153 1
15 154 1
3 155 1
4 155 1
10 155 1
11 155 1
12 155 2
14 155 2
10 156 1
11 156 1
12 156 1
3 157 1
14 158 1
8 159 1
14 159 1
9 160 1
12 160 1
13 160 2
0 161 1
4 161 1
6 161 1
9 161 1
11 161 2
12 161 2
13 161 2
14 161 3
1 162 1
7 162 1
12 162 1
0 163 3
1 163 2
2 163 4
3 163 2
4 163 5
5 163 4
6 163 7
7 163 19
8 163 16
9 163 18
10 163 16
11 163 10
12 163 20
13 163 21
14 163 37
15 163 11
11 164 1
1 165 1
3 165 2
4 165 1
6 165 3
7 165 2
8 165 7
9 165 7
10 165 7
11 165 11
12 165 14
13 165 13
14 165 11
15 165 2
7 166 1
10 167 1
14 167 2
7 168 1
9 168 3
10 168 1
12 168 1
13 168 1
14 168 7
15 168 4
6 169 2
7 169 4
8 169 4
9 169 2
10 169 4
11 169 3
12 169 8
13 169 10
14 169 8
15 169 2
9 170 1
12 170 1
14 170 1
0 171 1
5 171 1
9 171 1
10 171 1
13 172 1
1 173 1
2 173 1
7 173 2
11 173 2
12 173 2
13 173 2
14 173 6
15 173 1
12 174 1
3 175 1
4 175 1
6 175 3
7 175 1
10 175 3
12 175 1
13 175 2
14 175 2
6 176 1
10 177 1
13 177 2
0 178 1
3 179 1
7 179 2
8 179 1
10 179 1
13 179 3
14 179 1
15 179 1
11 180 1
0 181 1
1 181 2
2 181 4
5 181 1
6 181 1
7 181 2
8 181 5
9 181 1
10 181 3
11 181 2
12 181 5
13 181 7
14 181 12
15 181 3
3 182 1
4 182 1
6 182 1
7 182 6
8 182 3
9 182 2
10 182 5
11 182 4
12 182 7
13 182 9
14 182 8
15 182 1
13 183 1
15 184 1
